54 98 415 1 
5 5 46 46 
54 68 4 31 
14 58 748 45 
r
1 54 98 415 
5 5 46 46 
4 31 54 68 
14 45 58 748 
